year	quarter	000066DebtCapc	000066OperCapc	000066DeveCapc	000066EarnCapc	000748DebtCapc	000748OperCapc	000748DeveCapc	000748EarnCapc	CPI	RMB.US.Spot.rate	shorterm.interest.rate	M2.growth
2005	1	77.85443748	-9.3680158	1.112170408	-0.129508724	-9.2618063	-4.1848053	4.2944264	-0.218621866	2.53	8.28	5.22	14.30920461
2005	2	159.0603105	-7.9614365	2.966842452	-0.661557956	-24.4570738	-2.7949091	-25.3316812	-0.611590904	2.43	8.28	5.22	14.8707352
2005	3	59.57366956	-6.9078385	-0.543384886	-0.552835955	-20.6598637	-1.8005379	4.0550675	-0.708905584	2.1	8.13	5.22	17.19476822
2005	4	66.4176937	-5.0773178	0.447268757	-0.491583326	-18.4455981	0.4041062	3.5166248	-0.74779378	1.83	8.07	5.22	18.09123087
2006	1	-90.74248011	-9.9703499	-1.880215839	0.029486158	-6.9530108	-3.6228319	4.5547875	-0.183454783	1.5	8.05	5.22	17.51718278
2006	2	-38.90127512	-8.151657	0.388649222	-0.007137201	-6.1131426	-2.4590626	1.6138812	-0.141679291	1.23	8.01	5.4	17.38256767
2006	3	-34.33208344	-5.994839	0.166817139	-0.02299866	-4.2400571	-1.1136758	1.7884834	-0.025769709	1.23	7.96	5.52	16.32614112
2006	4	-19.32462601	-4.4999582	-1.137259067	-0.003896896	-3.5658033	1.2002722	3.5937298	0.050197969	1.37	7.86	5.58	15.60622221
2007	1	-29.91306313	-9.6349961	-2.058399293	0.041245339	-6.6814408	-3.8991011	4.1810353	-0.185695585	2.43	7.76	5.61	16.94836817
2007	2	58.39111964	-7.1266431	2.247816833	-0.072867647	-2.9255466	-2.3686012	-6.9091915	-0.063956977	2.97	7.68	5.79	16.96535471
2007	3	5.31054259	-4.2967951	-0.264344446	-0.084404882	1.8363292	0.6193401	1.6095381	0.376666712	3.83	7.56	6.24	18.34050682
2007	4	-0.04968319	10.2256164	-0.661622957	-0.077324144	-0.3503633	2.9196641	2.6884129	0.297202232	4.6	7.43	6.51	17.87054535
2008	1	-4.15612314	-12.7877003	-3.198181369	0.090787002	19.8560987	-3.9265476	0.9290348	0.199685884	7.67	7.16	6.57	17.47019444
2008	2	-2.92240806	-13.8904743	10.80484278	0.013857987	34.7653353	-2.0318154	4.2294427	0.286381377	8.07	6.96	6.57	17.38303282
2008	3	-3.81126477	-15.1404325	-1.066830135	0.054299243	43.3128131	-0.542568	2.0652186	0.421351004	7.33	6.84	6.45	15.79803171
2008	4	-4.19797239	-15.2948318	0.30462503	0.075473372	27.5762232	3.1795936	5.0857563	0.31536665	6.3	6.84	5.31	15.83323959
2009	1	-2.27417892	-11.955773	-1.604463071	0.051903585	10.9240242	-3.9406638	3.4712284	-0.326264336	0.03	6.84	4.86	21.51701359
2009	2	0.68401251	-9.4942044	5.421287208	-0.186311515	-33.390706	-1.2140554	7.280438	0.001883158	-0.93	6.83	4.86	26.66699371
2009	3	1.36408089	-8.3183757	1.540332402	-0.483137535	-49.6610843	1.1149015	3.6481367	0.168644832	-1.17	6.83	4.86	28.71429551
2009	4	1.10215318	8.0141819	6.190469432	-0.262196699	-101.6939867	8.0999641	-7.0904504	1.496357926	-0.9	6.83	4.86	29.1668298
2010	1	-1.18755509	-5.0322206	0.296429497	0.017694318	-2.6306187	-3.7807767	4.3829456	-0.261644051	1.93	6.83	4.86	24.66034388
2010	2	-2.56615312	3.044387	0.471543458	-0.042346144	-16.813486	-1.1482022	8.3561642	-0.046880773	2.5	6.82	4.86	20.27998732
2010	3	-26.592104	11.2059479	0.066927866	-0.073130034	-14.9860652	0.8854456	4.1355632	-0.010355172	2.8	6.77	4.86	18.60427965
2010	4	-58.29719178	17.8086146	2.911516455	-0.1542045	-15.3266558	5.0807984	2.7249551	0.032316292	3.17	6.65	5.183333	19.22971745
2011	1	-5.9937239	-5.7084216	0.297548713	0.039225705	-4.323848	-4.2276484	4.893314	-0.235165637	4.93	6.58	5.516667	16.55746923
2011	2	-5.65617331	0.2742944	0.244639725	0.001637329	-15.5769986	-2.0601587	8.7052357	-0.107659492	5.23	6.5	5.85	15.43661454
2011	3	-20.04900478	7.0686606	-0.236700485	-0.005631534	-17.4691641	0.5251874	3.8733776	-0.060706707	5.6	6.42	6.1	13.7584146
2011	4	2.14539989	13.6463722	4.501524481	-0.042461396	-17.9852495	5.8585227	2.2891456	0.034877045	5.5	6.36	6.1	16.75804914
2012	1	-5.36447674	-6.0521239	-0.098187284	0.079650903	-20.0983446	-3.3131984	4.639816	-0.237278954	4.07	6.31	6.1	17.52529737
2012	2	-4.18461645	-0.4802596	-0.523261372	0.070046362	-0.4128398	-0.751738	9.8218892	-0.100077599	3.5	6.33	6.016667	17.945193
2012	3	-3.72698883	6.6955736	1.216929145	0.049021059	7.6661198	2.5905985	2.6125025	0.101719972	2.93	6.35	5.6	19.07042865
2012	4	-4.22265115	14.8877788	-1.305528635	0.076578033	12.4656309	6.9432075	3.9313076	0.185663758	2.67	6.24	5.6	14.49413194
2013	1	-4.60335025	-5.830796	0.009177446	0.113652845	-9.0000079	-3.3388032	6.5062357	-0.211326499	2.36	6.22	5.6	15.57882161
2013	2	-4.83826559	0.8350337	4.82428885	0.162659628	7.0032613	-1.2973078	16.8172553	-0.16780293	2.4	6.15	5.6	15.26833409
2013	3	-5.47697104	7.6265649	2.184250566	0.285218122	106.374651	0.5506247	-1.5377176	0.043384601	2.48	6.13	5.6	14.46348577
2013	4	-5.28669044	17.2888769	-0.197860871	0.310965056	161.2510688	5.3457751	3.7218289	0.176126404	2.62	6.09	5.6	14.03099259
2014	1	-7.73781764	-3.7392825	7.422040074	0.270195962	-7.6974288	-3.2827451	4.3733453	-0.209098365	2.33	6.1	5.6	12.865347
2014	2	-6.35794934	5.2033364	-0.398986209	0.270305663	43.3571791	-1.0703827	-99.2907359	-0.095757059	2.22	6.23	5.6	13.79200024
2014	3	-4.86766994	12.2657201	-14.74187096	0.201708977	-149.4754697	1.0971176	2.712535	0.071212071	2.21	6.17	5.6	12.62835459
2014	4	-4.65115757	25.4405874	-0.705009631	0.198367688	179.7326069	4.9874065	3.247917	0.239091575	2.04	6.15	5.6	11.6766024
2015	1	-5.00995871	-3.867804	-23.6312782	0.201600997	-9.3056995	-2.6731578	4.4730521	-0.194767265	1.02	6.24	5.516667	10.52284864
2015	2	-5.11402782	3.1173181	-0.167981183	0.223838861	-46.0377134	0.1485238	-25.2297207	0.047140764	1.27	6.2	5.1	10.13337373
2015	3	-4.94847755	11.8721305	1.680223069	0.268681052	-32.3610018	2.2377996	3.815904	0.1652858	1.39	6.3	4.683333	13.24902758
2015	4	-4.54528662	20.0615518	-3.29679511	0.155433502	11.7787333	7.0544453	0.7499655	0.441697292	1.43	6.4	4.35	13.50407781
