year	quarter	000032DebtCapc	000032OperCapc	000032DeveCapc	000032EarnCapc	600536DebtCapc	600536OperCapc	600536DeveCapc	600536EarnCapc	CPI	RMB.US.Spot.rate	shorterm.interest.rate	M2.growth
2005	1	-25.7973761	-9.42584861	-98.27218	-0.185915663	0.1696721	-3.293999922	-1.726756254	-0.043735839	2.53	8.28	5.22	14.30920461
2005	2	-11.6329911	-6.12717822	-96.65554	-0.131606314	-1.5190321	-0.899567465	6.836860933	0.012582575	2.43	8.28	5.22	14.8707352
2005	3	-6.6877934	-2.99425329	-96.67199	-0.090971049	-2.3291136	0.991235537	-0.172467202	0.080966908	2.1	8.13	5.22	17.19476822
2005	4	-3.9057383	-0.2653764	-96.03755	-0.03625364	-4.9393619	4.589872279	1.924271098	0.237978538	1.83	8.07	5.22	18.09123087
2006	1	-12.6708246	-8.47656656	-96.27052	-0.200739361	-3.2319145	-3.777304132	-1.538622	-0.020867231	1.5	8.05	5.22	17.51718278
2006	2	-11.8842936	-5.64141455	-95.9746	-0.118278241	-11.5962943	-1.820770056	1.517603515	0.056608116	1.23	8.01	5.4	17.38256767
2006	3	-7.5302771	-2.4490012	-96.58765	-0.050754965	-7.5791269	0.001299391	-0.85543432	0.111443121	1.23	7.96	5.52	16.32614112
2006	4	-4.0527061	1.93719758	-95.96989	0.045055309	-9.1972801	3.092731849	1.116974382	0.238292815	1.37	7.86	5.58	15.60622221
2007	1	-42.3117508	-7.9352831	-96.61589	-0.150952146	-9.7085494	-3.618454307	-1.427773192	-0.008456402	2.43	7.76	5.61	16.94836817
2007	2	-7.9721353	-3.4773585	-96.33671	-0.035860403	-4.8224789	-1.74263328	1.343256813	0.102469476	2.97	7.68	5.79	16.96535471
2007	3	-2.712136	2.01614958	-96.34918	0.080733267	-2.6650539	0.209960241	-0.997141134	0.168188955	3.83	7.56	6.24	18.34050682
2007	4	-4.4494019	9.63182053	-93.63136	0.485599026	-5.4032043	4.560478533	0.008615814	0.284418323	4.6	7.43	6.51	17.87054535
2008	1	-12.2003111	-5.75328698	-96.19105	0.24293132	-3.479286	-3.354454971	-1.882499496	0.009331027	7.67	7.16	6.57	17.47019444
2008	2	-4.260671	-1.36489515	-97.2515	0.322036638	-3.3285044	-0.800283887	-0.185388182	0.081964176	8.07	6.96	6.57	17.38303282
2008	3	-1.2470704	3.62008407	-96.54975	0.396769679	-3.0613797	1.0790196	-0.790276959	0.143749112	7.33	6.84	6.45	15.79803171
2008	4	-0.1243789	4.11818165	-96.96158	0.244832952	-3.0771595	5.455861461	0.076956291	0.248499378	6.3	6.84	5.31	15.83323959
2009	1	-38.3151097	-9.22035031	-91.84947	-0.163719129	1.1009779	-3.3083813	-1.974975517	-0.057129552	0.03	6.84	4.86	21.51701359
2009	2	-27.7936889	-6.13911813	-97.16023	-0.136350742	3.698786	-1.023474134	-28.72886291	-0.138913533	-0.93	6.83	4.86	26.66699371
2009	3	-13.005304	-3.89332225	-96.76439	-0.113509954	3.0040662	1.356100526	-1.904300371	-0.126077887	-1.17	6.83	4.86	28.71429551
2009	4	-24.1349675	0.08933232	-88.99292	0.021112457	5.5883921	6.338986373	-22.56006939	-0.233828013	-0.9	6.83	4.86	29.1668298
2010	1	27.6734209	-8.48501284	-97.00145	-0.197865787	-1.1148101	-3.212481242	-1.915464155	-0.045209314	1.93	6.83	4.86	24.66034388
2010	2	19.2860435	-5.14237358	-96.72765	-0.156099065	0.8381937	-0.441831322	-2.154187283	-0.055140563	2.5	6.82	4.86	20.27998732
2010	3	40.9822957	0.25470005	-93.57838	0.003103188	-0.8549447	2.035860151	-6.88507572	0.001003097	2.8	6.77	4.86	18.60427965
2010	4	45.6942316	4.61057656	-96.89303	0.087535452	-7.8693012	7.083549947	3.221276855	0.282649471	3.17	6.65	5.183333	19.22971745
2011	1	-23.7495013	-7.19043425	-96.05541	-0.157551763	-0.4276888	-3.746501717	-1.793851374	-0.039096209	4.93	6.58	5.516667	16.55746923
2011	2	-5.0793407	-2.24790373	-96.61711	-0.07657173	-4.756098	-1.813751507	4.76269055	0.183323632	5.23	6.5	5.85	15.43661454
2011	3	-1.5993547	2.58729451	-97.1063	-0.051999492	-2.5723681	0.365381102	-1.734806318	0.192321506	5.6	6.42	6.1	13.7584146
2011	4	-1.709051	8.05178495	-92.39385	0.070401395	-3.3008025	3.796716727	14.61004486	0.356292611	5.5	6.36	6.1	16.75804914
2012	1	6.3912203	-9.1429856	-98.30656	-0.386036063	-0.5048085	-4.107494263	-1.499917719	-0.025745728	4.07	6.31	6.1	17.52529737
2012	2	5.3223497	-4.74073981	-97.28753	-0.399439556	1.1668984	-2.520953791	-1.72001555	-0.080027058	3.5	6.33	6.016667	17.945193
2012	3	4.4017939	0.71816942	-97.53306	-0.401037063	1.0399931	-0.286181752	-2.002115639	-0.060089134	2.93	6.35	5.6	19.07042865
2012	4	-15.7819726	7.27973735	4161.29199	1.332534276	-1.2131636	3.612995468	16.74544098	0.161270117	2.67	6.24	5.6	14.49413194
2013	1	-11.5573187	-6.57246221	-97.32914	-0.106167054	1.1412376	-3.736356644	-1.691571991	-0.076931452	2.36	6.22	5.6	15.57882161
2013	2	-7.0500314	-1.38620077	-96.63439	0.012791234	0.4379232	-1.809183995	10.02302327	-0.030723316	2.4	6.15	5.6	15.26833409
2013	3	-7.7177996	3.6196767	-97.45461	0.009409045	0.612376	-0.115851949	-0.992876629	-0.024964017	2.48	6.13	5.6	14.46348577
2013	4	-2.9535958	13.06245995	-74.37311	-0.085426835	-2.0171164	3.582466703	44.36916511	0.215133107	2.62	6.09	5.6	14.03099259
2014	1	20.214343	-4.88075134	-96.83227	-0.367470002	12.2597339	-3.831312816	-2.761132282	-0.249436217	2.33	6.1	5.6	12.865347
2014	2	-5.040584	3.02240288	-96.42304	-0.465447888	8.892241	-1.812871989	-1.154379547	-0.316768522	2.22	6.23	5.6	13.79200024
2014	3	-3.2428206	9.56371581	-96.92233	-0.513255503	9.3867551	0.232592188	0.045814339	-0.440710041	2.21	6.17	5.6	12.62835459
2014	4	-27.8951886	23.42872972	-136.0429	0.794210962	-0.4509379	4.099847655	-6.078045312	0.068932734	2.04	6.15	5.6	11.6766024
2015	1	10.3137709	-0.22556224	-97.16635	0.167195891	16.7649718	-3.993302991	-2.396717907	-0.335386581	1.02	6.24	5.516667	10.52284864
2015	2	0.8869021	-1.22836352	-98.73257	-0.387689607	22.8852606	-1.683028359	-1.246360453	-0.40537972	1.27	6.2	5.1	10.13337373
2015	3	188.3977111	18.48121897	-99.28862	0.630111789	18.2409667	0.241653003	0.538592457	-0.595756329	1.39	6.3	4.683333	13.24902758
2015	4	6.501402	8.31281055	-97.49836	0.220605131	-6.2086661	4.023819056	-6.36950246	0.172953864	1.43	6.4	4.35	13.50407781
