year	quarter	000021DebtCapc	000021OperCapc	000021DeveCapc	000021EarnCapc	000032DebtCapc	000032OperCapc	000032DeveCapc	000032EarnCapc	CPI	RMB.US.Spot.rate	shorterm.interest.rate	M2.growth
2005	1	100.44189	-19.816015	-0.322679226	-0.08550244	-25.7973761	-9.42584861	-98.27218	-0.185915663	2.53	8.28	5.22	14.30920461
2005	2	99.99485	-15.419838	0.144404954	0.03291246	-11.6329911	-6.12717822	-96.65554	-0.131606314	2.43	8.28	5.22	14.8707352
2005	3	135.16905	-6.955999	-0.009824113	0.15278796	-6.6877934	-2.99425329	-96.67199	-0.090971049	2.1	8.13	5.22	17.19476822
2005	4	109.39704	2.34556	0.137638419	0.27963323	-3.9057383	-0.2653764	-96.03755	-0.03625364	1.83	8.07	5.22	18.09123087
2006	1	129.46973	-15.917521	-0.065660402	-0.06610511	-12.6708246	-8.47656656	-96.27052	-0.200739361	1.5	8.05	5.22	17.51718278
2006	2	97.46261	-4.951875	0.06910722	0.0594285	-11.8842936	-5.64141455	-95.9746	-0.118278241	1.23	8.01	5.4	17.38256767
2006	3	101.072	10.95432	-0.079468424	0.17366229	-7.5302771	-2.4490012	-96.58765	-0.050754965	1.23	7.96	5.52	16.32614112
2006	4	-4436.65467	33.444866	0.010830509	0.27843569	-4.0527061	1.93719758	-95.96989	0.045055309	1.37	7.86	5.58	15.60622221
2007	1	308.57075	3.055484	4.768977427	0.33642939	-42.3117508	-7.9352831	-96.61589	-0.150952146	2.43	7.76	5.61	16.94836817
2007	2	155.27765	28.853524	-1.067221087	0.44087224	-7.9721353	-3.4773585	-96.33671	-0.035860403	2.97	7.68	5.79	16.96535471
2007	3	120.8949	38.94978	-0.252884913	0.53276106	-2.712136	2.01614958	-96.34918	0.080733267	3.83	7.56	6.24	18.34050682
2007	4	599.18962	64.41218	2.189902655	0.73283042	-4.4494019	9.63182053	-93.63136	0.485599026	4.6	7.43	6.51	17.87054535
2008	1	69.92614	-5.542932	-0.840779462	-0.1083514	-12.2003111	-5.75328698	-96.19105	0.24293132	7.67	7.16	6.57	17.47019444
2008	2	69.97879	17.146921	-0.143820295	-0.03603359	-4.260671	-1.36489515	-97.2515	0.322036638	8.07	6.96	6.57	17.38303282
2008	3	60.18728	23.604958	0.308921883	0.05578037	-1.2470704	3.62008407	-96.54975	0.396769679	7.33	6.84	6.45	15.79803171
2008	4	10.07928	34.373828	0.202619384	0.20362863	-0.1243789	4.11818165	-96.96158	0.244832952	6.3	6.84	5.31	15.83323959
2009	1	83.36274	-18.186821	-0.693020902	-0.14128888	-38.3151097	-9.22035031	-91.84947	-0.163719129	0.03	6.84	4.86	21.51701359
2009	2	84.81936	-13.448634	0.464219918	-0.10430784	-27.7936889	-6.13911813	-97.16023	-0.136350742	-0.93	6.83	4.86	26.66699371
2009	3	84.14753	-3.862227	0.350857206	-0.0449121	-13.005304	-3.89332225	-96.76439	-0.113509954	-1.17	6.83	4.86	28.71429551
2009	4	85.01528	8.314559	0.662884427	0.03017689	-24.1349675	0.08933232	-88.99292	0.021112457	-0.9	6.83	4.86	29.1668298
2010	1	84.69923	-12.258828	-0.322617747	-0.12835573	27.6734209	-8.48501284	-97.00145	-0.197865787	1.93	6.83	4.86	24.66034388
2010	2	92.05205	-2.501769	0.476738392	-0.03720478	19.2860435	-5.14237358	-96.72765	-0.156099065	2.5	6.82	4.86	20.27998732
2010	3	91.48119	8.313302	-0.359585421	0.02732524	40.9822957	0.25470005	-93.57838	0.003103188	2.8	6.77	4.86	18.60427965
2010	4	94.63357	19.022264	0.23173835	0.09225292	45.6942316	4.61057656	-96.89303	0.087535452	3.17	6.65	5.183333	19.22971745
2011	1	79.88876	-17.392666	-0.818017419	-0.16607977	-23.7495013	-7.19043425	-96.05541	-0.157551763	4.93	6.58	5.516667	16.55746923
2011	2	80.73033	-10.393052	0.855472398	-0.11823551	-5.0793407	-2.24790373	-96.61711	-0.07657173	5.23	6.5	5.85	15.43661454
2011	3	81.20355	-4.290376	0.186768072	-0.06525317	-1.5993547	2.58729451	-97.1063	-0.051999492	5.6	6.42	6.1	13.7584146
2011	4	79.49805	5.300899	-0.382922554	-0.0297191	-1.709051	8.05178495	-92.39385	0.070401395	5.5	6.36	6.1	16.75804914
2012	1	79.05954	-19.610598	-0.554704073	-0.17378078	6.3912203	-9.1429856	-98.30656	-0.386036063	4.07	6.31	6.1	17.52529737
2012	2	79.2216	-13.138912	-0.81178872	-0.16717594	5.3223497	-4.74073981	-97.28753	-0.399439556	3.5	6.33	6.016667	17.945193
2012	3	78.57223	-7.181169	-3.344426453	-0.17819098	4.4017939	0.71816942	-97.53306	-0.401037063	2.93	6.35	5.6	19.07042865
2012	4	76.639	1.077808	-0.881089834	-0.18899976	-15.7819726	7.27973735	4161.29199	1.332534276	2.67	6.24	5.6	14.49413194
2013	1	77.09191	-18.825411	-2.186058568	-0.17251241	-11.5573187	-6.57246221	-97.32914	-0.106167054	2.36	6.22	5.6	15.57882161
2013	2	76.86529	-11.921341	-0.101295967	-0.15300817	-7.0500314	-1.38620077	-96.63439	0.012791234	2.4	6.15	5.6	15.26833409
2013	3	77.06307	-5.653179	2.229558037	-0.10303982	-7.7177996	3.6196767	-97.45461	0.009409045	2.48	6.13	5.6	14.46348577
2013	4	77.07285	2.284882	-0.182398884	-0.06193763	-2.9535958	13.06245995	-74.37311	-0.085426835	2.62	6.09	5.6	14.03099259
2014	1	74.80667	-17.098442	-4.058503572	-0.29664937	20.214343	-4.88075134	-96.83227	-0.367470002	2.33	6.1	5.6	12.865347
2014	2	76.41731	-11.523869	-2.614249055	-0.20491636	-5.040584	3.02240288	-96.42304	-0.465447888	2.22	6.23	5.6	13.79200024
2014	3	77.43591	-4.743587	0.567467586	-0.08977168	-3.2428206	9.56371581	-96.92233	-0.513255503	2.21	6.17	5.6	12.62835459
2014	4	77.34538	4.502979	-0.955137168	-0.06832028	-27.8951886	23.42872972	-136.0429	0.794210962	2.04	6.15	5.6	11.6766024
2015	1	83.4896	-19.190494	0.56033624	-0.15556593	10.3137709	-0.22556224	-97.16635	0.167195891	1.02	6.24	5.516667	10.52284864
2015	2	79.96547	-14.503976	0.786861138	-0.09466638	0.8869021	-1.22836352	-98.73257	-0.387689607	1.27	6.2	5.1	10.13337373
2015	3	78.91877	-9.130218	-1.241032508	-0.1026042	188.3977111	18.48121897	-99.28862	0.630111789	1.39	6.3	4.683333	13.24902758
2015	4	78.04687	-2.498365	7.083882553	-0.08642819	6.501402	8.31281055	-97.49836	0.220605131	1.43	6.4	4.35	13.50407781
