year	quarter	000021DebtCapc	000021OperCapc	000021DeveCapc	000021EarnCapc	600536DebtCapc	600536OperCapc	600536DeveCapc	600536EarnCapc	CPI	RMB.US.Spot.rate	shorterm.interest.rate	M2.growth
2005	1	100.44189	-19.816015	-0.322679226	-0.08550244	0.1696721	-3.293999922	-1.726756254	-0.043735839	2.53	8.28	5.22	14.30920461
2005	2	99.99485	-15.419838	0.144404954	0.03291246	-1.5190321	-0.899567465	6.836860933	0.012582575	2.43	8.28	5.22	14.8707352
2005	3	135.16905	-6.955999	-0.009824113	0.15278796	-2.3291136	0.991235537	-0.172467202	0.080966908	2.1	8.13	5.22	17.19476822
2005	4	109.39704	2.34556	0.137638419	0.27963323	-4.9393619	4.589872279	1.924271098	0.237978538	1.83	8.07	5.22	18.09123087
2006	1	129.46973	-15.917521	-0.065660402	-0.06610511	-3.2319145	-3.777304132	-1.538622	-0.020867231	1.5	8.05	5.22	17.51718278
2006	2	97.46261	-4.951875	0.06910722	0.0594285	-11.5962943	-1.820770056	1.517603515	0.056608116	1.23	8.01	5.4	17.38256767
2006	3	101.072	10.95432	-0.079468424	0.17366229	-7.5791269	0.001299391	-0.85543432	0.111443121	1.23	7.96	5.52	16.32614112
2006	4	-4436.65467	33.444866	0.010830509	0.27843569	-9.1972801	3.092731849	1.116974382	0.238292815	1.37	7.86	5.58	15.60622221
2007	1	308.57075	3.055484	4.768977427	0.33642939	-9.7085494	-3.618454307	-1.427773192	-0.008456402	2.43	7.76	5.61	16.94836817
2007	2	155.27765	28.853524	-1.067221087	0.44087224	-4.8224789	-1.74263328	1.343256813	0.102469476	2.97	7.68	5.79	16.96535471
2007	3	120.8949	38.94978	-0.252884913	0.53276106	-2.6650539	0.209960241	-0.997141134	0.168188955	3.83	7.56	6.24	18.34050682
2007	4	599.18962	64.41218	2.189902655	0.73283042	-5.4032043	4.560478533	0.008615814	0.284418323	4.6	7.43	6.51	17.87054535
2008	1	69.92614	-5.542932	-0.840779462	-0.1083514	-3.479286	-3.354454971	-1.882499496	0.009331027	7.67	7.16	6.57	17.47019444
2008	2	69.97879	17.146921	-0.143820295	-0.03603359	-3.3285044	-0.800283887	-0.185388182	0.081964176	8.07	6.96	6.57	17.38303282
2008	3	60.18728	23.604958	0.308921883	0.05578037	-3.0613797	1.0790196	-0.790276959	0.143749112	7.33	6.84	6.45	15.79803171
2008	4	10.07928	34.373828	0.202619384	0.20362863	-3.0771595	5.455861461	0.076956291	0.248499378	6.3	6.84	5.31	15.83323959
2009	1	83.36274	-18.186821	-0.693020902	-0.14128888	1.1009779	-3.3083813	-1.974975517	-0.057129552	0.03	6.84	4.86	21.51701359
2009	2	84.81936	-13.448634	0.464219918	-0.10430784	3.698786	-1.023474134	-28.72886291	-0.138913533	-0.93	6.83	4.86	26.66699371
2009	3	84.14753	-3.862227	0.350857206	-0.0449121	3.0040662	1.356100526	-1.904300371	-0.126077887	-1.17	6.83	4.86	28.71429551
2009	4	85.01528	8.314559	0.662884427	0.03017689	5.5883921	6.338986373	-22.56006939	-0.233828013	-0.9	6.83	4.86	29.1668298
2010	1	84.69923	-12.258828	-0.322617747	-0.12835573	-1.1148101	-3.212481242	-1.915464155	-0.045209314	1.93	6.83	4.86	24.66034388
2010	2	92.05205	-2.501769	0.476738392	-0.03720478	0.8381937	-0.441831322	-2.154187283	-0.055140563	2.5	6.82	4.86	20.27998732
2010	3	91.48119	8.313302	-0.359585421	0.02732524	-0.8549447	2.035860151	-6.88507572	0.001003097	2.8	6.77	4.86	18.60427965
2010	4	94.63357	19.022264	0.23173835	0.09225292	-7.8693012	7.083549947	3.221276855	0.282649471	3.17	6.65	5.183333	19.22971745
2011	1	79.88876	-17.392666	-0.818017419	-0.16607977	-0.4276888	-3.746501717	-1.793851374	-0.039096209	4.93	6.58	5.516667	16.55746923
2011	2	80.73033	-10.393052	0.855472398	-0.11823551	-4.756098	-1.813751507	4.76269055	0.183323632	5.23	6.5	5.85	15.43661454
2011	3	81.20355	-4.290376	0.186768072	-0.06525317	-2.5723681	0.365381102	-1.734806318	0.192321506	5.6	6.42	6.1	13.7584146
2011	4	79.49805	5.300899	-0.382922554	-0.0297191	-3.3008025	3.796716727	14.61004486	0.356292611	5.5	6.36	6.1	16.75804914
2012	1	79.05954	-19.610598	-0.554704073	-0.17378078	-0.5048085	-4.107494263	-1.499917719	-0.025745728	4.07	6.31	6.1	17.52529737
2012	2	79.2216	-13.138912	-0.81178872	-0.16717594	1.1668984	-2.520953791	-1.72001555	-0.080027058	3.5	6.33	6.016667	17.945193
2012	3	78.57223	-7.181169	-3.344426453	-0.17819098	1.0399931	-0.286181752	-2.002115639	-0.060089134	2.93	6.35	5.6	19.07042865
2012	4	76.639	1.077808	-0.881089834	-0.18899976	-1.2131636	3.612995468	16.74544098	0.161270117	2.67	6.24	5.6	14.49413194
2013	1	77.09191	-18.825411	-2.186058568	-0.17251241	1.1412376	-3.736356644	-1.691571991	-0.076931452	2.36	6.22	5.6	15.57882161
2013	2	76.86529	-11.921341	-0.101295967	-0.15300817	0.4379232	-1.809183995	10.02302327	-0.030723316	2.4	6.15	5.6	15.26833409
2013	3	77.06307	-5.653179	2.229558037	-0.10303982	0.612376	-0.115851949	-0.992876629	-0.024964017	2.48	6.13	5.6	14.46348577
2013	4	77.07285	2.284882	-0.182398884	-0.06193763	-2.0171164	3.582466703	44.36916511	0.215133107	2.62	6.09	5.6	14.03099259
2014	1	74.80667	-17.098442	-4.058503572	-0.29664937	12.2597339	-3.831312816	-2.761132282	-0.249436217	2.33	6.1	5.6	12.865347
2014	2	76.41731	-11.523869	-2.614249055	-0.20491636	8.892241	-1.812871989	-1.154379547	-0.316768522	2.22	6.23	5.6	13.79200024
2014	3	77.43591	-4.743587	0.567467586	-0.08977168	9.3867551	0.232592188	0.045814339	-0.440710041	2.21	6.17	5.6	12.62835459
2014	4	77.34538	4.502979	-0.955137168	-0.06832028	-0.4509379	4.099847655	-6.078045312	0.068932734	2.04	6.15	5.6	11.6766024
2015	1	83.4896	-19.190494	0.56033624	-0.15556593	16.7649718	-3.993302991	-2.396717907	-0.335386581	1.02	6.24	5.516667	10.52284864
2015	2	79.96547	-14.503976	0.786861138	-0.09466638	22.8852606	-1.683028359	-1.246360453	-0.40537972	1.27	6.2	5.1	10.13337373
2015	3	78.91877	-9.130218	-1.241032508	-0.1026042	18.2409667	0.241653003	0.538592457	-0.595756329	1.39	6.3	4.683333	13.24902758
2015	4	78.04687	-2.498365	7.083882553	-0.08642819	-6.2086661	4.023819056	-6.36950246	0.172953864	1.43	6.4	4.35	13.50407781
