year	quarter	CR1	QR	ICR	ALR	ART	ITR	APTR	FATR	TATR	WCTR	FAGR	TAGR	PGR	ORGR	OPGR	ROA	FAPM	NARR	OPR	CPI	IVA.growth	GDP.growth	RMB.US.Spot.rate	shorterm.interest.rate	M2.growth
2005	1	2.44681	1.164824	22.360065	0.338122	2.103325	0.597375	1.294848	1.678639	0.329423	0.689562	-0.051279	0.051295	0.729163	0.508395	0.622598	0.019164	0.097655	0.028652	0.068143	2.53	14.53	9.4	8.28	5.22	14.30920461
2005	2	2.92788	1.588004	14.816685	0.276402	4.291212	1.288577	2.983449	3.193024	0.651112	1.312365	-0.113284	-0.088703	-0.983233	-0.158371	-1.019042	0.020913	0.102555	0.029927	0.036297	2.43	16.47	10.1	8.28	5.22	14.8707352
2005	3	3.176566	2.061914	11.031393	0.243748	7.896054	2.037731	4.354162	4.192692	0.907822	1.842202	-0.041072	-0.131103	-8.28615	-0.20496	3.736899	0.018817	0.086906	0.026377	0.024176	2.1	16.2	9.8	8.13	5.22	17.19476822
2005	4	2.891407	2.107404	15.117773	0.263447	10.815688	2.774381	4.975687	5.041815	1.129758	2.363168	0.049356	-0.110731	-1.239223	-0.031778	6.94385	0.019223	0.085785	0.027282	0.003758	1.83	16.4	9.9	8.07	5.22	18.09123087
2006	1	2.594235	1.988607	-6.289824	0.294848	1.591945	1.163886	1.182802	1.097626	0.262787	0.571573	0.015849	0.052455	7.634074	0.095581	-1.34675	0.005435	0.022701	0.007544	0.023854	1.5	16.83	10.2	8.05	5.22	17.51718278
2006	2	2.762742	2.186943	-11.958585	0.274448	3.275118	2.334506	2.491156	2.075716	0.499529	1.073178	0.011462	0.037434	0.891559	-0.11302	0.979506	0.015831	0.065784	0.021658	0.037665	1.23	18	11.7	8.01	5.4	17.38256767
2006	3	2.632892	1.847093	-18.599791	0.287591	4.502235	2.788299	3.198527	2.973611	0.7149	1.566164	0.048774	0.077292	0.395104	-0.023205	0.039395	0.029698	0.123528	0.041018	0.043638	1.23	16.17	10.6	7.96	5.52	16.32614112
2006	4	2.487554	1.507624	-11.870995	0.294823	7.218446	3.231218	4.192424	3.775389	0.951141	2.157182	0.170535	0.100141	-0.440754	0.096672	-1.203066	0.037214	0.147713	0.051677	0.029751	1.37	14.77	10.4	7.86	5.58	15.60622221
2007	1	2.437401	1.389808	-7.436756	0.300906	1.402087	0.69953	1.033726	1.025602	0.261324	0.638196	-0.005959	0.022291	0.124212	0.138651	-5.395639	0.008288	0.032528	0.011796	0.040492	2.43	18.3	11.1	7.76	5.61	16.94836817
2007	2	2.224064	1.200834	228.034803	0.32396	3.262873	1.523863	2.190286	2.206404	0.574575	1.462845	0.011154	-0.004306	1.114177	0.169788	0.902176	0.026155	0.100436	0.037841	0.05416	2.97	18.3	11.9	7.68	5.79	16.96535471
2007	3	2.111142	1.125609	-79.246485	0.352413	5.316064	2.295116	3.373075	7.142933	0.890204	2.274838	-1	0.073469	0.253	0.130915	0.254126	0.046588	0.373816	0.068929	0.061302	3.83	18.13	11.5	7.56	6.24	18.34050682
2007	4	2.130184	1.033996	76.627156	0.309059	7.736331	3.436784	4.88887	4.153073	1.262259	3.434188	0.508577	0.039579	-0.034781	0.063887	-0.434278	0.067975	0.22365	0.097205	0.054847	4.6	17.53	11.2	7.43	6.51	17.87054535
2008	1	1.800737	1.044075	6.90216	0.389486	1.187657	0.624785	0.91759	0.786751	0.259811	0.83161	-0.01162	0.159143	-0.170639	-0.211348	0.291501	0.015743	0.047672	0.024303	0.063583	7.67	16.2	10.6	7.16	6.57	17.47019444
2008	2	2.060713	1.152435	6.802667	0.339933	3.072104	1.669369	2.187838	2.05895	0.68643	2.044663	-0.039731	0.108468	0.416159	0.58003	0.113235	0.038951	0.116834	0.05773	0.052079	8.07	15.9	10.1	6.96	6.57	17.38303282
2008	3	2.196647	1.027351	6.277557	0.3219	5.296639	2.093803	3.368465	2.887934	0.953881	2.741849	-0.058637	0.107666	-0.191226	-0.364644	-0.116318	0.057437	0.173895	0.083949	0.054944	7.33	12.97	9	6.84	6.45	15.79803171
2008	4	2.439345	1.311543	4.310874	0.28257	6.926427	3.158453	5.046628	3.880805	1.308199	3.64502	-0.065725	0.057636	-0.605402	0.209869	-1.357229	0.0663	0.19668	0.094101	0.03638	6.3	6.43	6.8	6.84	5.31	15.83323959
2009	1	2.348689	1.328123	5.390028	0.298141	1.431435	0.665876	1.048711	0.859304	0.266448	0.690442	0.000778	0.043965	1.084972	-0.154599	-4.0648	0.014816	0.047784	0.020884	0.066694	0.03	5.46	6.1	6.84	4.86	21.51701359
2009	2	2.559204	1.591856	21.810415	0.271338	2.877528	1.493087	2.448642	1.76703	0.5532	1.398111	0.006382	0.030095	0.191708	0.06211	0.18231	0.032695	0.104435	0.045214	0.070582	-0.93	8.97	7.9	6.83	4.86	26.66699371
2009	3	2.368996	1.545138	76.77718	0.320628	3.849406	2.202912	3.489997	2.652154	0.786554	1.994289	-0.017287	0.117729	-0.513725	-0.061848	-0.63234	0.039629	0.133625	0.056829	0.057066	-1.17	12.33	8.9	6.83	4.86	28.71429551
2009	4	3.513857	2.676451	-27.969355	0.225846	5.356824	3.194235	4.945705	3.727768	0.962909	2.026448	-0.035656	0.342331	-0.337309	0.205262	-3.085178	0.039664	0.153552	0.053059	0.026784	-0.9	17.93	10.7	6.83	4.86	29.1668298
2010	1	3.20128	2.299627	40.247981	0.252821	1.113044	0.754527	1.038404	0.934503	0.203937	0.385944	0.023017	0.051274	1.756292	-0.116964	-2.302834	0.011319	0.051868	0.014887	0.074267	1.93	20.03	11.9	6.83	4.86	24.66034388
2010	2	2.700261	1.826077	12.774812	0.297592	2.159786	1.451815	1.919626	2.035862	0.44025	0.868652	-0.002798	0.043667	0.157873	0.15075	0.169724	0.024516	0.113371	0.033242	0.074922	2.5	16	10.3	6.82	4.86	20.27998732
2010	3	2.299889	1.341492	-85.317618	0.357671	3.17859	1.6958	2.362561	2.988143	0.60568	1.242782	-0.033026	0.147317	-0.712136	-0.16729	-0.87224	0.026937	0.132894	0.038278	0.0554	2.8	13.53	9.6	6.77	4.86	18.60427965
2010	4	2.406242	1.332764	-128.707199	0.340397	5.294586	2.393692	4.044878	4.27722	0.878354	1.78569	-0.020674	0.132793	1.029743	0.428823	-1.304442	0.034485	0.16793	0.048345	0.037707	3.17	13.3	9.8	6.65	5.183333	19.22971745
2011	1	2.172815	1.185703	9.859772	0.382799	1.188974	0.419998	0.838	2.179445	0.200118	0.455922	-1	0.083418	0.274711	-0.175408	-18.121666	0.008484	0.0924	0.013307	0.051243	4.93	14.33	9.7	6.58	5.516667	16.55746923
2011	2	1.892226	1.017908	7.488426	0.442292	2.273301	0.821247	1.581452	2.207483	0.397426	0.968209	-0.005343	0.119461	0.362381	0.020318	-0.025279	0.019702	0.109434	0.032523	0.050086	5.23	13.93	9.5	6.5	5.85	15.43661454
2011	3	1.759985	0.929436	2.871695	0.469148	3.065859	1.192069	2.120504	3.102109	0.579903	1.486868	0.119158	0.168607	-0.79944	-0.023851	-0.971064	0.021483	0.114919	0.036398	0.034027	5.6	13.77	9.1	6.42	6.1	13.7584146
2011	4	1.803584	0.982697	2.207569	0.453622	5.510551	1.762326	3.461737	4.068736	0.843598	2.155102	0.32824	0.148164	2.630773	0.335584	4.158954	0.02985	0.143971	0.049827	0.025329	5.5	12.8	8.9	6.36	6.1	16.75804914
2012	1	1.809467	0.971164	11.446354	0.454384	1.172619	0.425646	0.772323	0.955746	0.209229	0.613856	-0.001229	0.020561	0.013944	-0.124787	6.193619	0.007664	0.03501	0.014037	0.046071	4.07	12	8.1	6.31	6.1	17.52529737
2012	2	1.820269	1.028212	2.304741	0.446212	2.386664	0.902968	1.853447	1.943766	0.421034	1.228504	-0.028623	0.014118	-0.362929	0.005895	-1.139025	0.012587	0.05811	0.022881	0.019775	3.5	9.47	7.6	6.33	6.016667	17.945193
2012	3	1.694856	0.916183	2.768729	0.491515	3.380097	1.239849	2.113033	2.870378	0.591118	1.787227	-0.032136	0.114701	-0.242368	-0.054621	0.564867	0.015523	0.075377	0.029489	0.010025	2.93	9.1	7.4	6.35	5.6	19.07042865
2012	4	1.779825	1.048238	2.832393	0.48227	5.635349	1.868411	3.80412	3.929219	0.826013	2.463484	0.009555	0.115474	2.609986	0.23717	-4.709467	0.028272	0.134487	0.053216	0.016167	2.67	10	7.9	6.24	5.6	14.49413194
2013	1	1.8035	1.087194	21.658642	0.480633	1.069782	0.506985	0.910465	1.004281	0.198404	0.58898	-0.016677	0.010746	-0.4233	-0.105284	-1.072371	0.006938	0.035118	0.013379	-0.002556	2.36	9.6	7.7	6.22	5.6	15.57882161
2013	2	1.755745	1.024196	1.925161	0.473786	2.186205	1.006197	1.825308	2.045916	0.406045	1.2503	-0.03179	-0.013704	-0.841554	0.021671	10.822505	0.008136	0.040995	0.015588	-0.016213	2.4	9.13	7.5	6.15	5.6	15.26833409
2013	3	1.728046	0.953262	1.623202	0.487933	3.414317	1.412565	2.432104	3.057293	0.600947	1.853986	-0.018621	0.018958	0.512657	-0.002022	-0.632297	0.009661	0.049147	0.018763	-0.014431	2.48	10.1	7.8	6.13	5.6	14.46348577
2013	4	1.856383	1.073025	2.724088	0.497801	6.016938	2.10166	3.536271	4.494875	0.85292	2.556829	-0.033872	0.075297	10.116788	0.3688	-8.586752	0.027309	0.143916	0.05358	0.009109	2.62	10	7.7	6.09	5.6	14.03099259
2014	1	1.923818	1.09054	-3.065771	0.488123	1.178487	0.485856	0.707994	1.089791	0.193145	0.558966	0.004206	0.035009	-0.609189	-0.240899	-1.117235	0.006638	0.037455	0.01309	-0.009329	2.33	8.7	7.4	6.1	5.6	12.865347
2014	2	1.927186	1.067755	-10.337761	0.484834	2.489583	0.965024	1.572612	2.029413	0.408051	1.186782	0.259373	0.022128	0.251583	0.099291	-6.084201	0.015042	0.07481	0.029566	0.01815	2.22	8.9	7.5	6.23	5.6	13.79200024
2014	3	2.076722	1.135764	8.244728	0.481201	3.802958	1.447467	2.307248	3.098707	0.621482	1.725382	0.260794	0.028516	0.034829	0.008039	-0.386261	0.02362	0.117768	0.046257	0.020956	2.21	7.97	7.3	6.17	5.6	12.62835459
2014	4	1.748315	1.087394	6.049942	0.519783	6.789551	2.214072	3.309171	5.124784	0.859305	2.623493	-0.033601	0.110403	0.987859	0.269177	-0.319195	0.039184	0.233687	0.079864	0.018863	2.04	7.6	7.3	6.15	5.6	11.6766024
2015	1	1.802648	1.029637	69.112534	0.509314	1.294843	0.474174	0.715577	1.196779	0.187667	0.557584	-0.003317	-0.005762	-0.573747	-0.248235	0.078384	0.006695	0.042695	0.013792	0.020214	1.02	6.27	7	6.24	5.516667	10.52284864
2015	2	1.830103	1.011803	11.659831	0.507477	2.434759	0.910735	1.540168	2.48279	0.383453	1.121746	-0.028871	-0.001132	0.812006	0.048009	2.414311	0.018783	0.121614	0.038618	0.04357	1.27	6.27	7	6.2	5.1	10.13337373
2015	3	1.928093	1.011635	6.965145	0.490738	3.944058	1.351999	2.420306	3.87995	0.592339	1.677728	-0.061008	-0.010823	-0.144561	0.049907	-0.084724	0.029278	0.191778	0.059188	0.048408	1.39	5.93	6.9	6.3	4.683333	13.24902758
2015	4	1.853755	1.177306	6.012586	0.466703	8.696566	2.468127	3.920039	6.007525	0.921927	2.758825	-0.058778	-0.018857	0.488421	0.574093	-0.348816	0.044945	0.292874	0.088736	0.039657	1.43	5.9	6.8	6.4	4.35	13.50407781
