year	quarter	CR1	QR	ICR	ALR	ART	ITR	APTR	FATR	TATR	WCTR	FAGR	TAGR	PGR	ORGR	OPGR	ROA	FAPM	NARR	OPR	CPI	IVA.growth	GDP.growth	RMB.US.Spot.rate	shorterm.interest.rate	M2.growth
2005	1	1.190448	0.699898	1.946357	0.609055	0.614157	0.397632	0.928111	1.098654	0.147745	1.384337	-0.013168	-0.042913	-2.641562	0.192734	-2.263407	0.004589	0.034121	0.012153	0.02644	2.53	14.53	9.4	8.28	5.22	14.30920461
2005	2	1.202026	0.578364	1.703266	0.592727	1.348375	0.69413	1.524768	2.162802	0.291032	2.68693	-0.055004	-0.085321	-0.436455	-0.07286	-0.146812	0.007333	0.054498	0.019045	0.025425	2.43	16.47	10.1	8.28	5.22	14.8707352
2005	3	1.203286	0.606044	0.867988	0.586307	2.1115	1.108869	2.529026	3.236855	0.438463	4.066293	-0.079701	-0.122155	-4.609132	-0.00727	-4.033376	-0.002249	-0.016605	-0.005803	-0.006823	2.1	16.2	9.8	8.13	5.22	17.19476822
2005	4	1.188908	0.722606	0.765616	0.593632	2.222083	1.65624	3.619659	4.058929	0.571604	5.469283	-0.009594	-0.127776	-0.796056	-0.07262	-0.533255	-0.004246	-0.030149	-0.011053	-0.013879	1.83	16.4	9.9	8.07	5.22	18.09123087
2006	1	1.182685	0.725609	0.964557	0.609276	0.486179	0.44361	0.732765	1.003462	0.145246	1.300142	-0.036307	0.040593	-0.912376	0.047445	-0.904974	-0.000183	-0.001267	-0.00046	-0.003395	1.5	16.83	10.2	8.05	5.22	17.51718278
2006	2	1.22133	0.692382	1.203484	0.593364	1.067106	0.836093	1.445426	2.02848	0.293961	2.414205	-0.067566	0.005724	-14.500378	-0.010697	-4.339724	0.002332	0.016094	0.005737	0.003993	1.23	18	11.7	8.01	5.4	17.38256767
2006	3	1.207314	0.669853	0.999788	0.607334	1.630288	1.251332	2.227518	3.126935	0.439061	3.685097	-0.099929	0.035398	-1.927186	0.036976	-2.414144	-0.000003	-0.000022	-0.000008	-0.002683	1.23	16.17	10.6	7.96	5.52	16.32614112
2006	4	1.627957	0.918402	5.793933	0.488582	1.759286	1.56397	3.622125	4.601719	0.553028	2.740461	-0.494996	-0.10783	-40.330009	-0.513128	-44.279162	0.097802	0.813808	0.215197	0.195118	1.37	14.77	10.4	7.86	5.58	15.60622221
2007	1	1.654504	0.874318	-1.523451	0.475156	0.364736	0.148605	0.456777	1.154542	0.066416	0.2151	-0.014654	-0.037659	-1.067381	-0.217622	-1.060107	-0.007118	-0.123742	-0.013738	-0.106726	2.43	18.3	11.1	7.76	5.61	16.94836817
2007	2	1.764984	0.916969	1.363942	0.442103	1.159529	0.553032	1.579657	4.267518	0.245436	0.762882	-0.055487	-0.077591	-2.362126	1.620265	-2.177748	0.002631	0.045751	0.004929	0.00524	2.97	18.3	11.9	7.68	5.79	16.96535471
2007	3	1.837466	0.874287	1.328776	0.422872	1.928384	0.894869	2.762056	7.032482	0.40773	1.239425	-0.068751	-0.106033	-0.896171	-0.120353	-0.923651	0.003714	0.064056	0.006845	0.004821	3.83	18.13	11.5	7.56	6.24	18.34050682
2007	4	1.278589	0.747968	1.503626	0.427834	1.570983	0.853367	2.205512	4.321406	0.321071	1.475994	-0.347241	-0.098624	2.783407	-1.538452	-69.585716	0.00763	0.1027	0.01416	-0.134419	4.6	17.53	11.2	7.43	6.51	17.87054535
2008	1	1.278575	0.770652	1.545411	0.435905	0.478496	0.396745	0.819396	1.903941	0.114704	0.957287	-0.035913	0.01798	-0.500647	-2.289903	-1.0438	0.002052	0.034059	0.003612	0.018008	7.67	16.2	10.6	7.16	6.57	17.47019444
2008	2	1.266983	0.749912	2.203167	0.459437	1.098994	0.916761	1.7408	4.599424	0.267606	2.219446	-0.051098	0.073384	1.89571	0.397062	1.913894	0.00778	0.133718	0.013998	0.029404	8.07	15.9	10.1	6.96	6.57	17.38303282
2008	3	2.253318	1.705926	1.257448	0.310745	1.492844	1.255314	2.475409	6.444956	0.298971	1.057525	-0.089289	0.549575	-1.826444	-0.35865	-1.813125	0.00244	0.052606	0.003793	0.008446	7.33	12.97	9	6.84	6.45	15.79803171
2008	4	1.893298	1.475246	-4.691364	0.341283	2.292801	2.060312	4.057641	8.666103	0.412572	1.725862	-0.119293	0.311226	13.966651	0.354346	14.503708	-0.056197	-1.180419	-0.088469	-0.140618	6.3	6.43	6.8	6.84	5.31	15.83323959
2009	1	1.929946	1.426876	-1.236193	0.328366	0.435212	0.380257	0.689248	1.789059	0.070669	0.233356	-0.016465	-0.026732	-0.902569	-0.287875	-0.895379	-0.005105	-0.129239	-0.007676	-0.080087	0.03	5.46	6.1	6.84	4.86	21.51701359
2009	2	1.873265	1.3589	-0.843987	0.339418	0.890367	0.790152	1.315974	3.873739	0.149208	0.499617	-0.053157	-0.013817	-0.558259	0.125186	-0.428059	-0.007312	-0.189841	-0.011085	-0.059238	-0.93	8.97	7.9	6.83	4.86	26.66699371
2009	3	1.92935	1.318933	-0.955082	0.309575	1.53201	1.294446	2.254893	6.564341	0.248349	0.843739	-0.083564	-0.00945	0.219051	0.261883	-0.15345	-0.010021	-0.264886	-0.014858	-0.04645	-1.17	12.33	8.9	6.83	4.86	28.71429551
2009	4	1.900599	1.484435	2.008831	0.324134	2.151131	2.390995	3.948706	10.761009	0.391552	1.347523	-0.423913	0.066261	-6.63615	0.626242	-1.637573	0.005097	0.140073	0.007664	-0.023906	-0.9	17.93	10.7	6.83	4.86	29.1668298
2010	1	1.824322	1.436143	-2.279175	0.341433	0.476994	0.640646	0.896442	3.75689	0.094848	0.332814	-0.022462	0.018789	-1.346579	-0.360211	-4.169953	-0.004879	-0.193244	-0.007313	-0.05305	1.93	20.03	11.9	6.83	4.86	24.66034388
2010	2	1.88734	1.322181	-1.502867	0.32204	1.174851	1.327123	2.040248	8.963856	0.227991	0.793628	-0.041957	-0.015889	-0.237986	0.362456	-0.145202	-0.008747	-0.34389	-0.012922	-0.04165	2.5	16	10.3	6.82	4.86	20.27998732
2010	3	1.837994	1.307367	-3.047563	0.327844	1.589878	1.756519	2.67597	11.597561	0.292553	1.03766	-0.062724	-0.020664	1.377565	-0.514329	1.057889	-0.017783	-0.70496	-0.026383	-0.063395	2.8	13.53	9.6	6.77	4.86	18.60427965
2010	4	1.702659	1.318947	-6.021347	0.355125	1.901747	2.613532	3.563295	14.1779	0.383918	1.427098	0.086813	-0.013797	1.452286	0.448098	1.7333	-0.039753	-1.468052	-0.060235	-0.11219	3.17	13.3	9.8	6.65	5.183333	19.22971745
2011	1	1.64032	1.208514	-0.736211	0.367028	0.703724	0.859087	1.1239	4.731988	0.132859	0.55051	-0.010282	0.012787	-0.828274	0.437389	-0.815986	-0.003786	-0.134831	-0.005925	-0.034078	4.93	14.33	9.7	6.58	5.516667	16.55746923
2011	2	1.586404	1.184562	1.576446	0.391846	1.375445	1.823388	2.113025	10.76211	0.293064	1.228243	-0.020587	0.064556	-2.444616	0.262552	-2.036492	0.001641	0.06026	0.002622	0.00055	5.23	13.93	9.5	6.5	5.85	15.43661454
2011	3	1.678812	1.224389	1.469652	0.351861	2.031318	2.696487	3.228127	14.616104	0.432374	1.77657	0.082964	-0.000097	-0.879712	-0.230932	-1.157002	0.002356	0.079645	0.003644	-0.00133	5.6	13.77	9.1	6.42	6.1	13.7584146
2011	4	1.556044	1.112906	1.634251	0.382805	2.479158	2.871015	3.166029	17.448446	0.50122	2.184944	0.074869	0.057884	5.120081	-0.370125	12.119698	0.006247	0.217461	0.009905	-0.02004	5.5	12.8	8.9	6.36	6.1	16.75804914
2012	1	1.542562	1.098657	-0.516174	0.386687	0.523569	0.593283	0.615358	3.983453	0.11392	0.540241	-0.023644	0.000533	-1.925174	0.469524	-0.546661	-0.003553	-0.124255	-0.005776	-0.036698	4.07	12	8.1	6.31	6.1	17.52529737
2012	2	1.527333	1.073373	1.629298	0.377505	1.319489	1.459979	1.57282	9.516558	0.280307	1.363677	0.021497	-0.013272	-2.558247	0.44359	-2.018322	0.001997	0.067816	0.003223	0.000275	3.5	9.47	7.6	6.33	6.016667	17.945193
2012	3	1.461701	1.00532	1.30426	0.414491	1.872714	1.92067	2.220612	13.897542	0.392541	1.948663	-0.000937	0.048794	-1.027953	-0.248185	-1.120305	0.001786	0.063226	0.002972	-0.001083	2.93	9.1	7.4	6.35	5.6	19.07042865
2012	4	1.322416	1.03427	-1.926447	0.446976	2.356127	3.19929	3.191813	18.42674	0.533847	3.009043	0.04717	0.045526	231.358917	0.163413	66.76398	-0.033385	-1.152331	-0.057127	-0.06438	2.67	10	7.9	6.24	5.6	14.49413194
2013	1	1.301128	0.971997	1.566966	0.442893	0.49382	0.730754	0.729241	4.148874	0.119294	0.860676	-0.020886	-0.004355	-1.048146	-0.135022	-1.041621	0.00166	0.05774	0.002991	0.01161	2.36	9.6	7.7	6.22	5.6	15.57882161
2013	2	1.183831	0.889693	1.675102	0.4504	1.015357	1.653157	1.479849	6.757071	0.242828	2.153094	0.524852	0.037028	0.550462	0.077751	-8.959061	0.004148	0.115432	0.007525	-0.038885	2.4	9.13	7.5	6.15	5.6	15.26833409
2013	3	1.127083	0.79689	1.323881	0.445872	1.626755	2.431708	2.405914	10.6693	0.380248	3.813596	0.491202	0.026651	-1.410853	0.075628	-0.839794	0.003128	0.087771	0.005651	-0.029533	2.48	10.1	7.8	6.13	5.6	14.46348577
2013	4	1.203815	0.835782	1.477159	0.490928	3.205599	4.089828	4.469055	18.266073	0.669929	5.87807	0.688134	0.125049	-4.02355	1.366088	-2.385886	0.005986	0.163217	0.0113	-0.012556	2.62	10	7.7	6.09	5.6	14.03099259
2014	1	1.305179	0.903124	1.442622	0.504342	0.755159	0.726191	0.842163	3.106239	0.132147	1.25579	-0.015294	0.029593	-0.557721	-0.537911	-1.472963	0.001236	0.029054	0.002461	-0.007656	2.33	8.7	7.4	6.1	5.6	12.865347
2014	2	1.249666	0.874425	1.147263	0.511505	1.49626	1.490048	1.854361	6.114733	0.264895	2.786863	0.035226	0.043873	-1.31864	0.018641	-0.622501	0.000836	0.019305	0.001677	-0.005224	2.22	8.9	7.5	6.23	5.6	13.79200024
2014	3	1.286981	0.878868	0.759341	0.533323	2.130932	2.066208	2.600415	9.133251	0.383763	3.715181	0.015101	0.086396	6.334238	-0.051009	8.91466	-0.001991	-0.047376	-0.004088	-0.013131	2.21	7.97	7.3	6.17	5.6	12.62835459
2014	4	1.121488	0.763865	1.253466	0.559556	3.558813	3.195251	4.512507	13.876063	0.60478	8.594292	0.170761	0.166795	-2.936861	0.966117	-2.337323	0.003324	0.076258	0.00704	-0.00018	2.04	7.6	7.3	6.15	5.6	11.6766024
2015	1	1.110387	0.74682	0.085017	0.568329	0.670351	0.590917	0.933291	2.612311	0.111591	2.064421	-0.028528	0.01463	-1.50496	-0.485411	-1.775194	-0.002439	-0.057102	-0.005594	-0.030372	1.02	6.27	7	6.24	5.516667	10.52284864
2015	2	1.054222	0.688258	1.114537	0.567008	1.439	1.231592	1.986647	5.59219	0.239917	5.908238	-0.011422	0.023362	-2.27038	0.159281	-1.931509	0.000657	0.015306	0.001504	-0.000963	1.27	6.27	7	6.2	5.1	10.13337373
2015	3	1.039416	0.673547	-0.030613	0.573317	1.809725	1.552113	2.52971	7.266229	0.301714	8.097739	-0.083435	0.014876	-4.228431	-0.530068	-4.084127	-0.009344	-0.225021	-0.021553	-0.033038	1.39	5.93	6.9	6.3	4.683333	13.24902758
2015	4	0.905428	0.697476	-1.323993	0.591639	2.288754	2.381566	3.390734	10.065785	0.395213	2591.325892	-0.204187	-0.003412	1.144022	0.479162	1.883717	-0.031072	-0.791383	-0.073209	-0.097142	1.43	5.9	6.8	6.4	4.35	13.50407781
